297
2 195 0 135 4 10 10 194 63 5 88 0 9 6527 58 0 10 5 78 10 29 7 79 7 2 167 3
24 96 9 70 43 6 86 5567 155 10 4 6 197 6 182 8 34 3 60 8 94 181 10 5769 6
115 2793 85 39 4 2 119 188 10 6 180 165 3 180 149 182 2 140 53 9 47 2 47 43
50 204 5 207 9539 4460 10 143 923 5 10 152 180 4485 6 1 60 15 548 10 9 45
112 202 160 185 3 3500 3 1 25 8557 7 4599 10 147 114 0 149 141 60 6 1 116
112 37 7 7780 9 175 9 6 2525 75 9 96 0 114 8 149 7 128 4 2590 9 101 4 14 73
6 145 182 3 9 142 2 4 2532 55 111 1 10 7 4 8 168 200 34 1 4890 42 44 163
5964 8 4 1299 143 183 1 194 7086 6 8 7778 66 7 6 1 5 186 9 106 158 4 206 138
4 10 9 70 181 194 3 29 9 97 12 3018 15 6 5 17 50 8 6 59 34 2 0 7 91 1 2089
21 52 149 9 671 0 3 121 92 55 38 26 5 5 2 6 51 1 128 6 1 9 6 67 14 9 4 41
142 99 2638 44 20 3 11 1960 176 99 8 173 99 166 6627 133 148 2 1 7120 39 146
1 82 200 149 2 3 132 7 4 2 3 8 4 75 4 66 98 70 19 187 6 181 44 178 156 117
188
