5676
195 9 113 9 23 3 4 8 6 0 128 6 94 3 10 38 9 3 52 13 10 7 195 2 9 4 11 1 6 46
9 2 63 3 46 8 1 8289 4 7 9 60 1047 0 7 436 88 142 8 1 169 8 39 78 103 11 17
98 5245 9116 7 75 10 4 41 4305 76 89 6 4848 4 7059 82 4583 4 10 4 174 49 8
192 39 34 3 107 9 1 3 176 8 43 8 7 5 5 108 3 156 1945 168 142 187 133 6 110
1 56 152 9 5 178 171 1 134 9171 156 190 158 4 3 114 4223 132 62 5 4 6792 5
7802 5 9 131 371 160 2 8 9 8 29 1 1 782 2 127 1 8 188 7397 149 10 3 176 9 1
5506 51 4 2 179 40 2072 10 5 7 82 132 10 29 13 2 8581 7 11 4 136 6 140 106
188 9 4 17 11 137 67 160 9 2 8 121 4 168 7 28 23 162 1 6154 8700 175 9 164 9
5 6 0 177 88 3 2 178 208 7229 97 5 4 3 95 2 4722 143 8 10 169 4 125 89 2 35
25 5563 66 10 9 0 178 124 132 54 9 5 3 2 10 162 18 1 120 8 52 4 1885 79 6 4
5 148 159 163 15 0 6 29 3 8 7 179 54 2 5 1 4073 137 3001 5 5 1 4 148 61 10 6
193 8 160 43 54 16 3 893 20 4 6 5 123 202 18 9 4708 43 182 65 3683 138 87 8
9445 1 0 196 7 4 6758 4 9 7 111 142 101 5624 7 2 90 5 8531 7 152 4 185 44 41
37 7 151 21 187 4 9 46 10 53 158 43 6 4 146 2 122 5 154 113 5361 94 23 74 3
70 201 7 68 46 2 58 9998 0 10 6 5 158 46 103 182 4779 109 4 8607 90 11 6 4 7
162 175 43 200 154 69 4 186 11 6 139 140 2 1 163 7 4 6 5 9 112 5792 3 43 158
109 6591 1274 86 0 128 186 134 5 55 151 2 20 122 44 4860 9 134 5 185 8 8295
169 1 0 54 84 5 169 2 40 4 3 147 10 8088 9 118 9 9 2 84 2 127 151 4 157 11
162 4 190 97 0 85 130 165 8 199 8 36 4679 199 103 2 57 2 7108 76 8 170 1514
8 93 7 6 135 203 140 10 13 94 8 0 146 10 14 4 3727 59 6497 5 152 5493 151 5
2336 8831 114 6 1 17 4850 11 47 48 8450 9 5 146 9629 2314 9755 41 791 0 32
35 7 189 153 3 2 120 2 7 7 168 112 2 9 6756 156 4207 206 141 143 9 55 8365
512 2 9 3 12 152 179 9 26 132 63 9 11 8 6 10 80 201 3 4 3 73 2 6 2 4 1424 1
171 193 11 46 6 887 25 84 205 1 6426 69 185 10 8326 4 116 6 97 61 195 7859
168 160 200 121 8 6 31 4 32 4 9 0 184 59 117 6 5704 909 42 2718 9 0 133 3807
5 0 1 5 2484 54 9 964 5543 2 8 8 3845 4 2 9 5 42 68 12 57 118 28 19 3 112 0
9305 7 7 6 3 2 2 4670 0 8082 7 7 0 49 183 6 7 2 6564 82 1 14 124 184 7 8 4 3
4 5 8 4 3 7891 114 5 5 162 6 8 99 7067 5 118 160 20 60 9 9 7 9335 7 5 2 48
92 6 91 4 305 1 160 4 67 8 11 179 6 4 3 74 1582 6385 71 38 4457 9 2961 13
101 64 104 6 25 4384 96 8 62 6 8 9150 7671 4 7492 6 139 203 7452 8 3 1 186
114 2454 45 1 198 9 127 54 77 5892 6781 105 7987 68 5 120 5 156 6779 5 9 2
134 7 6 168 8 381 7 50 9 106 82 145 9 45 43 41 9 80 9 133 10 6 4 9 139 6 66
8508 5655 871 72 20 174 1 20 8 131 9 1 2 168 8 4 2 10 7 6 6193 145 25 3 108
3314 8 4 28 7 9 2 46 6 8 1 102 23 7 161 0 8 1 6 32 62 2 33 10 94 61 44 7 9
151 3 1777 7805 9309 4063 173 2183 2 9 9 99 19 188 185 16 170 3554 10 27 4 5
206 4 79 7 4 3 159 0 130 142 2 9 137 5978 19 161 3 136 8 45 2 140 150 33 157
9 7571 9477 0 0 193 113 5 62 3 19 3301 194 69 5774 84 18 1 6 63 9 9 5 2727
10 9 9 6 9 96 11 79 6228 3889 37 4 202 87 82 75 189 5 9 154 9 178 23 18 4609
25 14 151 2 158 2 8 6 147 46 12 164 80 86 5 73 123 195 8 147 11 32 19 9043
20 2091 11 7 192 196 131 5 6 51 96 3 6 5 116 2 6 57 5408 203 1 139 3 8 9 111
3 41 3 72 23 5103 1001 48 27 6 195 8 12 6 8 4 147 10 4141 8 139 126 49 96
144 68 142 172 1 6 3 1 2 5432 199 27 9789 59 33 2723 61 86 180 100 0 4 7 3
41 4 9 4 6 10 2 6 6 3 8 199 2 78 2 10 6 5 3125 3 19 6442 49 120 55 135 49 71
3864 143 192 113 1069 9 5 4 6 4452 123 11 5220 63 145 745 97 5 123 3 4175 2
47 6 992 4 5636 9 4 10 3 7 166 140 2 167 8912 25 2 6 4 8 3 105 0 74 9889 12
94 5498 174 196 8602 1920 9542 7974 3 0 196 60 8 8 880 5 1443 8 1 5 4 7 3
161 3 1 6 135 7 3 1 83 59 4 194 171 9 10 8 5 5 9939 104 4 2 5 5 5479 9 47 4
2 4 134 77 9 8 6 45 0 2 2 4 3 160 10 116 8654 6 6 126 8 2 40 9 7 12 6 9 14 6
83 5 8 10 2 174 6 9 48 2 10 69 67 6959 47 8 9 6 140 3 9 135 4437 102 9017
164 8 44 16 5 3 6 2 819 4 7 103 176 110 6 5 146 96 259 7 1 3 81 89 7 195 4
157 160 57 8 5 3 6 84 186 133 2 6746 8 7 53 3 7 3 149 9 95 201 55 11 148
6940 9 5 12 5 10 5 10 194 156 11 125 4546 80 9 5 6 3 2603 7 8284 6141 8 6
197 96 3 153 10 4 25 9 2 6 65 7 0 6 10 117 4 48 7 35 5 9 35 10 5318 2 4 5 0
196 6 154 172 7443 14 8 196 5 189 132 1 21 22 6 2 3 27 22 84 65 2726 11 167
3 13 1033 67 49 39 175 93 160 183 4 6 63 139 6 10 128 152 75 63 38 92 2 167
163 5 3 106 8 7 161 167 2 3 53 88 82 9 3143 1566 105 1 8 6652 6 2971 49 7
9615 123 6 6 6 7 7 4 795 1 182 6 5 7 7 118 53 6 88 9 405 2 2 184 7 148 6 8
11 165 8 0 7 0 78 123 2669 1 45 48 6 5 32 6 163 136 57 118 75 7108 115 36 81
2 151 180 2829 18 4 143 5 153 163 117 8 24 8 70 183 165 8 146 117 34 201 10
61 182 113 128 4 4 1612 56 121 4 1 150 100 56 3 4 1919 8 8 180 7 129 8 6 197
30 108 90 106 3 120 22 1352 2 6770 10 158 69 37 6 2446 7 52 10 0 160 181 9 0
7784 2 1117 8 7742 1 165 150 3845 9 136 191 4 2 2883 9 1807 9 2 2 4 6 4 157
3 9 10153 108 9 5799 1 186 4 8 180 123 5 2 51 121 51 31 5 7 2 7 7198 6989 79
47 175 51 3 5 153 3 5 1158 167 9153 178 3 11 132 4589 6 3 0 5 2 7 1 0 192 40
201 35 3 3 0 6 0 4 147 117 5 98 144 2 69 7 4 10 35 129 3298 82 5535 9 31
9287 186 153 22 9 46 4 4 9 111 203 12 5583 141 10 7 134 7 5 8 7 12 7 119 8 6
111 160 11 8 8 1 113 4 9 40 1 2630 61 3 205 121 6 1 0 2 204 2 9 109 9 127 2
192 3 10 10 8 191 150 172 0 42 28 21 72 77 200 7 11 128 1792 4 5 1 114 191 4
138 169 7 184 8 18 3 185 95 82 2 2 8 6 3 4 113 8 5160 56 179 6036 166 176
7668 9509 2 9 88 9 3 1 2 7906 40 9305 91 86 8 2 3351 4787 143 9 7 199 15
5249 109 3472 58 8 1 6 188 9 140 2199 5 102 6190 7 6 5 4 7 10 69 4 1 11 10
2626 199 6679 58 25 4 8206 4 146 99 136 189 121 180 5057 6 1 198 161 9027
7918 185 9 46 17 6 7464 121 2703 7 4 117 6 1529 6397 43 45 153 122 186 0 19
5 0 8951 85 6 106 204 4 9 503 5 11 1 75 3 0 4757 9 77 3 2 94 3 172 66 41 61
204 11 92 3 184 113 2345 2 1574 6 4 161 8 106 56 5 2 3 61 9 5 80 33 3214 18
3 63 178 70 4 4 105 6 25 23 4 34 41 6 3 1277 91 179 10 2 135 3 84 2 90 502
165 166 75 1 7 7 198 10 36 8802 81 37 149 118 6 6 3 98 189 73 9 879 10 5 8
132 2 112 4 106 2826 16 5 122 9 3 13 45 1 2 58 160 83 5 4 132 2 2 1480 91
140 72 0 6 10 82 145 1688 173 128 208 1641 9 23 0 7 6 3 34 7 165 112 65 3 4
168 176 10 10 57 2 10 98 5 182 6 54 8 72 8 7 162 3 138 9821 7 166 207 5009
4057 3 126 3878 26 26 5 14 4 93 7 0 4 4 690 191 76 1 6 3 7 788 6 6 2 84 2683
49 8 63 8 9 2615 9 8663 6 9 100 189 1 4 55 3 110 7837 71 11 2 2 118 7 7 8563
179 2 167 0 71 201 60 148 187 11 1 81 6 5 1 5 7448 142 4 137 7980 84 2440
126 139 0 4 5 102 9 5 5894 2 156 4 2326 1 82 6 9 121 8 6 5 156 27 4 95 32
208 0 189 5 15 155 5 75 146 154 173 1 9385 3 1 35 2 55 7 8 31 3 56 97 147 9
11 6 1 6 6 0 73 127 147 9 156 150 135 7 2 87 36 10 9581 9 7 4 9 1 83 165 6
190 4 1 1038 2 6 8 108 129 8 0 185 9 1 136 180 7884 2993 23 11 9 70 4 128 2
114 94 5 3 107 8 105 5 4 93 3 5 190 48 7 8034 6 41 6 5 7 52 5859 4 39 5 5 3
4653 27 192 5 62 184 4 17 7 1199 8 173 165 88 2972 1 109 201 89 158 16 81 2
88 9 5857 4 9 194 1 5 66 117 2 2 180 53 1 23 6 196 4 90 186 6 2 154 6 6 2 60
8 2 3 116 10 107 9 181 74 16 110 2 14 195 4 7570 55 10 122 133 7763 3 173 7
6 83 105 5 154 6 139 7 8 8 4 3 38 7698 4612 132 156 5 123 107 6 175 6 88 3 4
124 145 73 8 6 3 1020 116 21 9 3 7 95 70 8 120 6722 111 159 75 108 42 16 88
85 34 3 1 199 92 4 206 5 6293 8001 10 19 32 3 0 1887 7 1 1972 7 1 57 31 0 1
75 95 175 5 4 9 6 195 40 201 620 106 126 140 2 5 3 5 359 34 9 109 19 158 137
31 8 124 2 23 112 7 98 52 8 7 56 170 158 4 3 0 31 93 81 2 4 47 56 4 3 2 173
187 93 201 76 7 2 2838 549 40 8 34 91 3 151 171 125 163 14 8 6 5309 178 35
79 2845 1 41 29 2 42 3 5 0 4 0 7 3 95 1 50 3 6 8 7 3521 6 6 5 1466 0 4 95
113 5 187 8 433 38 152 2 4 146 5 5 24 101 33 6 9 173 120 7 10002 7 120 7 165
4659 177 184 101 9 130 3 2 90 3 5513 193 6999 182 78 95 25 153 148 3 85 135
84 7778 5 8 0 9 45 1 58 7 7 7 56 3 26 7 4 10 111 0 7 8124 95 21 162 178 7 9
3785 4 3 33 1 9 6841 104 173 165 4 5 9 10 7 1 10 88 4 8722 1 5 1779 90 8 3 6
5 48 151 8 8 26 7 3 2 2 8 158 198 189 7 174 95 83 4 2 7704 4 3 35 5 129 9402
11 4 153 37 72 24 10 88 13 100 167 31 4460 8 145 111 17 3 194 147 49 6 147 2
24 174 22 4 2 7 191 8801 6 7 197 14 94 5 6743 155 4 6 5 4 6 0 2514 2286 164
7 187 143 153 10 151 8020 83 8 420 80 59 5 5 117 88 128 193 2 10 20 67 11 9
3 9480 4 118 76 1 78 6 87 178 4 143 8 9 8 1 2 184 94 59 4 1456 143 9 102
7435 8 7 74 183 88 1 2 3 4 2 11 9 9226 197 3 38 2073 5 1 4 9 7 5 4 7 9 8 9
69 7 6 146 14 1709 141 16 1 2 10 6 9383 73 41 2 6 135 5 153 725 134 63 9 53
8 8 8029 7 125 141 173 84 6 7931 33 92 4933 8 138 157 69 171 47 610 32 10
118 1213 8 2 75 1 134 9139 7 10 3263 5 106 165 8 6 5 10 129 8 6 3107 100 135
5 38 6156 31 5518 94 10 23 4 8640 141 27 21 7 4 1 4 9 4929 6 1 45 3 7 117 3
9 63 36 9 10 9942 7 6 161 2799 27 9 7 5173 2 9 7 2417 10 159 2 3505 9 127
7499 9839 70 4 155 9344 9 39 89 191 0 4320 172 16 49 5 135 1 3514 125 132
162 46 3 3 9 10 6 3 2 143 9 167 165 37 115 133 145 116 606 6 113 8 6 3 8 4
96 3 1 22 131 123 143 9 40 9 6 3037 145 31 4 54 15 1 40 176 169 2 162 90 7
173 197 167 1 24 6 9787 9532 9 2 85 10 151 34 111 0 8 5 90 7 13 168 1085 4 0
151 9525 161 9587 119 195 8076 71 27 190 3 9 7 11 834 6 8754 2 2 3 76 77 12
199 161 96 7 1542 112 5 4 0 8 120 125 0 65 7673 130 9389 130 9 188 8 185 4
142 161 162 34 16 99 5 78 116 125 6 8354 14 3 8 68 93 0 55 6715 56 2 10 5565
150 8173 126 164 5 5 9 16 70 41 176 155 5736 100 164 126 6 48 188 4 4498 120
76 128 9 13 2 6 4 1 44 8 133 3 3937 11 11 0 1 168 122 9 6 2 186 8 175 123 8
11 126 153 89 5643 197 8120 0 4 10 2 89 1 144 9 123 62 9 9 180 4 6 3157 120
4966 79 10 114 5 12 967 9 7 3860 9 182 5456 146 10 1 61 6494 80 88 27 3647 7
4831 4 6 101 1 6 130 35 6 192 208 151 190 3141 96 106 1 4 139 296 7 145 6 3
9 9953 5 7 6 0 0 1439 5 6 7053 1 159 1 58 109 5 10 0 79 0 88 7 98 47 8728 73
10 134 4 30 10 130 136 4 5 163 124 52 438 200 133 10 160 98 5 99 8 90 146
7711 9 6 165 172 189 55 6 9 1727 10 17 31 83 150 4 103 44 114 7119 7 205 10
6 7 9 205 76 6 6 145 9 4084 28 8 5 5 4445 1 200 4 148 3790 7 150 1 117 188 0
0 116 117 9481 9 254 113 8 2 55 4 3533 2919 6 78 7501 76 9 4 105 5 133 9 118
830 99 13 101 3 5 2 113 40 8634 25 200 2 47 14 7 65 124 1240 9 6 117 5 171 4
9365 132 95 8 11 145 14 1 116 9 7 1 4976 9 902 59 1253 9272 46 8633 9 148 43
9 189 28 8 3 2140 3860 9 6 2 11 149 3201 54 4 31 90 7 9 2 123 1 8 196 109 3
4 8875 187 11 75 8 8 3 5 7 9 3 7 22 54 87 5841 6 3936 136 73 10 8 6 46 50 7
57 138 6 1 28 73 1 7759 2 8 5 189 67 58 4 74 122 7 3 159 497 32 5 199 10 9 5
205 42 76 141 189 9 97 4188 3 7 183 50 9 161 4 7 1523 8137 3 7 49 6246 2 184
4 7 8 48 10 6 2 172 58 187 8 10 94 174 7 110 20 4 5 2 109 29 167 1800 86 188
51 102 4 8 122 1412 1 6 124 62 49 10 4 8 9 7289 186 103 67 61 6 4 40 26 1
186 112 102 52 18 10 9560 87 8 1 8 8 103 79 4 127 183 4398 39 30 10 171 74 8
11 22 9 177 6 112 3 190 8 6380 1 10 3 7 8 4 1220 9 172 5 4 133 194 1 5 2023
2 12 9426 170 194 5 46 5 102 5341 21 6 145 4447 5877 7 8 4 599 72 168 68 4 9
1020 1 114 9 7 122 113 22 6695 190 2 8 194 54 390 2 137 87 167 8 41 19 7 63
6052 144 60 4 6 80 6 6386 183 6 5 4688 0 179 7 105 73 150 10 3 503 46 2 9257
4 178 2 2 120 2210 99 1725 4147 7384 5 194 3 10 46 10 105 1 5 32 127 2 8 125
1 9 44 127 5021 9 192 126 5 4 9 128 13 19 3 8 7013 38 96 114 1 50 9292 54 2
3 10 166 2 3 170 115 6 102 171 3808 171 0 4 4 7 1 154 1 6 7 97 0 11 772 2 5
198 96 10 11 2 7 6 72 7 10 60 5912 13 2271 160 2 19 0 2 6 0 7 3 7 4 6 20
4662 4 9 25 1 5 4968 9 9 3 149 9 8 9922 198 23 92 3056 6 2472 123 135 5 8796
1 0 9308 60 65 8 200 3 8 6 138 8 2 79 70 0 4 7 179 10 2 64 8 8 166 123 90
140 45 8 182 119 82 5769 8 2 84 4532 5 6 66 16 4 133 107 131 67 169 11 3525
52 7282 9 9094 7 92 7 8 175 155 8 2011 35 3 52 6 5 35 1 9 10 7 161 119 138
10 6 7517 118 203 47 101 5 9 90 26 549 89 89 5 111 114 134 6757 1 4 7 1521
74 4 7 92 62 5473 4 200 4775 7 5 8 132 9 60 27 1 3 171 7 139 5 105 176 0 188
74 5 6 4 42 31 6 99 124 31 5 148 62 8289 116 160 12 8 40 48 45 198 178 57
191 127 45 82 3 1 3 2 128 4 8 190 80 107 5 88 55 64 2 54 5632 26 115 2 152 7
1844 8 6939 1 67 19 2 9593 34 10 2 2057 7200 4 10 8810 2 185 43 4 105 186 3
7548 133 162 62 160 6 2 1 5 50 39 2 6 20 33 103 161 163 3821 165 118 146 8 3
158 7 9 111 5158 6 5 192 36 186 9 8 7 107 44 170 1 202 9 8 84 7 118 5 169 80
8 2 7 10 1 126 5 145 8 116 133 50 150 8 3 56 146 9 8114 75 1 5 8 49 91 3 3
176 68 7 99 7 51 10 7 8475 57 9 9 51 106 97 162 10 8 12 66 63 8 132 291 157
1 9 63 56 6 168 7 8 4132 32 2 95 7 1881 68 195 6 87 9 5062 1 82 7 4 7 137 75
6 8 78 6 1584 3 118 4 138 6 2 6 6 2 0 7 7 180 6095 8925 42 124 9 131 4 7
3271 109 24 115 6 7 7263 86 7685 2563 5 10 108 8 39 7 47 7 9 9 44 3 0 188 10
5548 149 2966 158 58 13 2 0 197 7 9610 2 10 9 4 9 108 6964 6 144 143 2 3 29
0 4 10 47 8 157 9 175 0 0 27 9 9 37 7355 151 32 195 20 195 76 189 8 0 4 3 15
119 120 153 4 194 9 21 93 8 2 4 92 12 3 3 58 6 3 34 8072 148 8 3 8 140 7429
146 1 1 41 129 2 184 10 9 142 199 2 2 8 9726 9 83 7 4 144 145 112 133 2164 0
38 4 9 188 11 2 3208 193 8168 6 4 9 139 146 1617 8 1579 3 12 5 19 8892 6 6
145 5 6 3 5 5 83 4 10 2 26 96 7 2 69 6 177 9 46 4628 9 2 133 4271 4 167 9 1
6375 154 7009 10 6 20 4 9 59 34 6 4 5 1558 6 194 5 1 10 9 7 97 109 7356 81
119 3 8 11 8 1 5 9867 4 5 99 150 1 82 6 181 9 7 9 80 17 5 4 88 156 9 72 1
164 1 130 7 6 160 10 9 179 2183 128 4 118 3 2 23 110 6 4 52 7827 1350 1884
16 7 140 113 57 5 86 103 2171 32 30 167 2 9 2488 76 3 0 151 53 140 198 407 7
10 0 11 3734 190 145 9 6657 1732 101 8 144 86 4 4 1 184 138 186 148 6 7 1
205 71 9716 7076 13 6 9 8 58 3 26 199 157 78 5 8 13 160 134 2 7 7 3 10 112
39 31 69 23 2826 1 7 9343 3 9465 3 2 6 8 124 11 137 171 131 8 127 33 1 74
170 118 10 8 2 3032 71 52 113 2673 0 144 7 8 0 119 17 0 9 6 58 15 145 1 2 9
6387 200 5200 2951 9 143 2 2 161 2059 10 2 8 8 48 4 4 0 87 201 8939 76 62 40
130 129 105 80 4352 18 160 3 9618 11 101 109 1 5 146 52 1852 2776 4 64 112
45 0 192 5 5 175 182 8 122 6180 198 37 6 3 2469 69 2 7 49 4 9 44 4 7 151 41
56 3 99 4 181 95 0 5 4 2 6 139 12 12 0 0 1 201 10 1949 166 201 8 173 8 203
10 65 7014 7 7 1 98 9 10 3 40 181 3 7 88 136 9763 9 46 0 6 43 4393 3 12 163
1457 4 7014 10 20 4 5 9996 9631 9 21 7 172 167 92 1 14 8 159 179 42 1 6161 0
8 142 4 7 100 196 8 6 41 10 9 150 22 7 161 37 5 7 502 183 5962 54 6970 5 60
4 100 140 29 76 120 177 18 0 5 8 10 5 1 3 6 6 4179 146 2 4 9 4739 4 10 9222
4 35 58 9 8 30 8 1 7 37 2 9 22 7378 60 3 60 3 10 5 43 10 8 0 7 8 11 6044
9462 10 7 4 10 1363 113 5 4089 141 70 70 3788 4986 7174 7 2 5 8555 101 65 55
5 52 56 86 43 5 11 135 6 23 164 113 78 149 9 105 105 3 24 9 192 9 1 7 8 5
142 565 4 88 93 105 98 205 7 26 120 141 10 3 133 109 5 7 3550 5447 6 88 6 29
2 2 64 7 2 151 4205 4175 8 91 164 1240 20 186 4 7 5 14 64 45 163 0 118 62
115 9 2 2 178 1545 2 6405 75 8 9 19 44 6 5603 4323 8 2 137 6 175 199 3998 7
188 10 2 73 5 10 110 11 5 1 5 11 10 13 8 1 96 152 10 4 112 8 8 168 4 198 50
6 9 3907 121 5 7 1975 1 175 2 141 126 1 6758 168 9 0 151 66 984 152 138 18 3
140 405 120 8 8 9 50 37 185 9 128 12 69 49 18 100 3 2529 30 167 5 6 132 2 3
179 5 132 57 121 181 6604 100 82 149 7662 5 140 6613 25 6 172 5 9 5 17 6 6
5767 3 4 10 403 8 0 5 161 20 80 92 2 6 9 13 9 7455 17 5 27 161 181 8910 10
10 69 100 6037 1 7582 7 32 2 20 100 8686 8 34 1830 111 4 110 26 4 7072 190 6
16 2214 1 6 5 149 3 56 6 10 2244 41 16 25 7 45 241 121 119 5624 100 2644
1354 179 28 183 168 9 9 68 147 78 1 174 105 37 20 5 3567 108 2 63 191 13 3
4444 75 41 6 3 8 3 4 4 52 2 5693 2 8 181 207 4 204 11 5 3086 115 10 1 27 13
152 5 114 36 0 4 27 138 5 73 107 1026 11 120 17 69 151 5421 92 37 5 1 4 7 93
193 2 2859 66 5 131 10 8 2 76 3 11 8 6 9 7 5049 4 7 34 149 171 0 2 82 428
5699 7657 82 9 2 4688 85 191 5 133 10 5 39 10 6006 9 5241 2 10 193 4 8 1340
70 102 160 5 11 8 0 4047 93 1 2 8 430 6 2 52 8998 203 7 125 20 6 102 9 198
2668 9 156 15 125 118 206 7 9 64 8935 50 138 7 5 7 134 3 5 111 85 91 7 159 3
34 6308 10 120 3353 45 110 15 2 16 187 46 80 23 10 126 82 1 4 195 78 4 50 7
155 9 18 4 6 1550 10 8 36 1 122 107 4 157 53 5 6501 10 7 7 4077 4 33 3 33 21
9 41 1 1 4 77 7941 122 8 6 3 7 5 2 140 109 83 5 4 133 4 10 9 145 196 78 9 65
137 8 3 88 2284 8 55 153 9 125 8 7 4 68 151 9 3 2289 93 109 10 2996 2 5 2 5
5322 117 4 8713 2542 171 8281 9 49 4 114 10 4 180 201 130 3 0 5432 8820 52
10 1 15 4 9 90 172 9 11 6832 8 5 137 11 145 117 6 4 169 183 23 1 31 3438 43
2 13 7 3 169 205 4962 121 86 4 84 9 150 3717 62 1 113 190 49 5 120 76 147
762 175 4 93 207 7 9 11 154 6 3229 17 3 0 6 7 1929 5701 9 9801 140 171 26 5
5 20 2 623 11 23 21 7 50 3112 6 9 5 8 7 3 1 99 11 208 8 160 161 69 7 9 25
127 1291 1 182 141 4 6 1470 154 9 7 7 8 11 0 9558 4333 6 9 62 6 1 6 119 80 0
4 6 157 1 45 8 67 4884 6 8 0 6 7 1 170 41 3860 142 900 9378 8 4 2 4 137 1
175 0 2314 2 5 2 5169 8 9 9 9 150 2 5 0 9758 9 228 202 135 200 77 3 174 3 5
170 1 53 7083 2 187 4 2 5 7 173 0 1 1 110 88 15 0 1 125 2 4124 4 77 50 145 0
5 134 8 0 2 3 55 158 68 9 7 8 1 53 60 8 3 22 142 14 8 159 8 189 86 133 9 9 7
71 3 5 72 91 1481 74 42 48 9 3 1 6 109 185 39 141 184 111 6 9 5 34 2 6 5 16
8811 153 171 21 86 8 129 7 5 3 143 4 10 9584 176 6 118 6 2 7 4 9 97 101 5 6
152 5 9 7 3 44 9 88 7 7 127 9 9 8 8771 8 0 7 12 2 171 7 157 23 7 8 36 7 5
180 2 70 136 173 57 6 3166 6 3 9 17 4 188 5 1 7 191 6 1 9 4 134 9 145 60 184
8 10 197 201 74 3 29 120 0 190 145 9040 6 2994 116 0 2 33 35 3 129 106 194
10 31 5 5 8 10 9 8 5 4 6 6 44 6 9 99 7 87 159 7 88 6 163 7 6 2 73 7 187 7
157 88 165 188 2 5 7 9715 3 53 11 2 2 4 83 1 168 1 9 159 7694 4 11 7 2 5
3205 581 44 5 5404 0 2 109 7 10 8 10
