8114
7 1 1 7 4 8 143 100 35 171 52 24 10 8 189 19 6 4 0 1817 7490 3 10 4 10 8 128
100 136 3912 8 2 151 65 1 120 3 184 66 114 2 11 8 200 6 7 8451 124 80 11 1
62 109 6002 8 6 1 7 4 109 1 89 38 201 6 130 117 68 2 43 189 151 7 5 2 1 8 0
7 59 111 8 44 34 200 6 9178 22 4 3 9 6 4 9 11 2 4051 5372 8 1 6 143 17 5 13
114 186 99 9 73 69 3 4370 154 108 9 2 10 9559 11 170 7 180 3 188 5 6681 6910
29 7 2 6 22 147 3 186 5 91 9 174 171 6 195 2 12 9 10 6 52 8 175 43 5 102 65
6 10 40 31 4863 5705 9363 4 164 2 6 24 55 9 173 2 4472 1350 140 658 120 6528
9 7 28 97 25 2 314 6 86 2950 3029 2 1 45 0 8 56 9 195 6967 99 66 6 4 7 9 2
113 2 4 183 70 5 4 3 5 2 5 180 196 118 6 101 2 183 48 120 150 99 12 33 59 4
171 9 26 6136 5 89 23 105 127 1 152 70 3 0 126 51 36 3 907 3 187 1106 2 9 2
8 37 1 173 24 9 106 597 7 4 6 7781 6 185 3 201 120 5 7 184 6 2107 171 2083 4
1 2 79 4 97 97 39 4 152 2 8764 104 135 3 109 32 188 8 6 181 7 8 4 173 168
174 167 77 35 69 7 408 3 30 6 2 1 147 0 198 3 191 9 56 83 2 145 8 198 3469
174 103 2 19 110 8 5 8933 3 63 170 5 3 2 6 7 22 185 9 98 5 8 4 2755 3 2 7
3930 4 390 14 4 58 8 9 154 5 92 1001 128 169 66 69 4 4 97 106 90 1 10 89 11
758 8 8 9 27 200 10045 199 8 3 8 10 6 6 7465 10009 69 95 6 181 85 1 115 2
140 42 10 3 168 2 9 182 173 7788 10 29 49 3 14 493 5 4 16 1291 9 6719 3 2387
4 107 56 101 1877 5 7 133 4272 5 160 169 32 134 42 3 6 10 8090 3 7 162 19
177 5 202 523 5 115 6 175 8 11 1 169 10 187 8203 105 49 6653 6 5312 109 161
7 109 4036 2 6 127 25 168 7785 6 3 5 1 4 136 83 8 96 2 182 120 8515 134 181
58 4930 175 6 98 8 87 3924 3 9 206 151 2530 2909 128 4131 117 9 94 7 154 163
107 7 317 6 3 104 189 4827 5 8 63 11 5 21 7 1 76 25 6925 49 0 43 105 1 55 3
513 10 8391 2 3 56 37 7 175 5 0 9 0 138 107 170 60 146 181 7 188 7 3 1 8781
190 5454 3 1752 6 5 8 9058 2 113 3 74 9 38 113 8 2 6 52 120 4 54 159 8150 7
260 4 1 3 179 21 9576 9 3 1 194 8 163 3 7 16 4 118 4 33 6 2406 8 8893 5 1 5
115 5 10 7 6 823 9 2 6 9 10 75 7 1 105 414 124 663 117 59 180 6174 8 98 96
7312 4 168 164 4 137 8 4 9 94 8 10 68 2110 8 175 104 1 2 5599 6 10 132 20 42
114 75 104 3219 55 4 201 4600 7 54 3 200 6233 7 3 9 47 11 9 53 70 38 2609 82
2 98 1 11 3 143 7 4 6 7 1721 126 86 8 2 176 199 165 9 157 7 70 90 7809 202
90 1 2 182 9 6 60 9 129 8 2 3557 10 63 4 78 106 7 133 7173 158 5 33 30 29 11
4 1 1776 208 7 6 9 141 6 4 9 102 9 170 6 7445 8 93 3 61 1 4 167 2 90 6 5 82
190 9 5041 30 6 5 87 7 187 100 5 83 2 175 138 16 188 1527 6865 198 0 128
1985 8 2 2 133 2 7 4 74 3 12 3 6050 4 159 198 9950 2 7 37 9991 11 1868 6 7
78 6 11 8 475 116 1 119 169 1041 2 188 5 51 149 2 111 5 4 3 97 4 103 6 180 1
9 29 205 88 147 9 4 5 181 52 9225 3 195 6 10 9 179 42 66 198 8 104 1 5 8 59
885 111 1 37 12 125 10 134 3 13 9 26 107 8484 3 2835 5 10 188 134 6025 5 192
46 113 3283 3 143 123 187 2 7 93 57 205 2285 147 6 1 169 10 6436 2 8130 7337
5 100 108 122 5 138 5933 78 6 141 2 5 7314 8 8 1 113 10 6 56 4 7 5 33 9514 8
2 141 5432 126 8 3 190 4 7517 2 70 7067 8 10 6 80 7 192 108 58 8 60 80 5 9
75 7 67 10 40 9 31 11 2 4 6 8 3 166 8 8 7756 6 2 2458 12 186 3 3 6 94 163 5
172 103 11 3 3 103 8 2182 116 5 7 5 74 3 59 142 133 100 6 2 57 9676 157 9649
12 6269 4 7 81 4293 1 10 181 4 38 125 189 4 183 1 12 24 55 166 115 60 96 4
52 9 3 90 4366 203 3982 8 10 10 15 10 891 11 3050 6 2 2482 8 41 20 65 96 30
10 9 2987 6 3 99 8 1546 9 79 23 4 8 154 3241 5 4 9 7 150 9 9 10 139 164 1601
90 201 8 103 3 9 172 2 47 9 1170 7 3395 72 5608 120 4703 1 3 8 61 7812 10 6
5 187 2 1 7 3231 42 2 3 3 49 1823 10 12 3538 7 4 13 4 28 8 163 1 6 106 7
9947 8 1279 29 1046 2 7 43 44 8663 3 4627 136 160 5 3 7 5992 10 28 1 113 178
4 52 127 107 29 7512 3 85 0 7535 2 6762 82 45 9 37 10 26 8 117 63 38 3 74
103 7195 1 16 0 2 6 23 30 3 9 417 52 7 5 1766 69 3 7031 6 168 88 151 146 184
7 3 8 48 7097 7 2 108 1 7 185 30 9 8 33 7 47 9 10 8 70 157 128 5 11 145 9 9
6338 57 84 7 107 5 1 9 3 86 119 154 96 9 195 5 3 62 8401 10 49 4 200 4 5 10
10 3 122 5 8 420 3 9 93 10 8 3 15 136 55 2 89 17 3120 9 55 5 5 8 3846 12 2
18 75 117 8736 7341 3 98 4 2 8 11 2 107 202 5330 70 7 6 18 9402 0 149 109
159 7 158 16 7263 42 11 188 301 2454 3 2 6811 3 165 4 189 7 20 16 22 47 3
127 8979 8 167 4 4 3 10 99 660 2090 7 2 7 8 4 114 7 2129 7 5 7 194 11 6 39 8
0 11 39 11 16 3 23 39 4 4 2 2 36 152 9815 2 4674 127 89 4 6 1144 9 7 7 8943
7390 9 171 3 38 9263 202 147 147 12 5 48 6 26 46 111 5 187 169 2272 10 89
6545 9 45 32 7 185 9 56 5 53 12 1 3 6 204 5 6 2 31 5 1 9 74 12 6190 117 67
41 3 74 8 152 1 26 109 4 6 4 122 9 9983 2 8 5 28 6 5 137 8 7 9 195 100 6 30
3 2 6 128 131 53 4 1914 11 6 73 1 10 6 3648 7 5 9679 8697 4 84 193 193 6089
6 8962 1 14 5 88 89 9 32 2 3 3 112 147 5 6 2 9 3 110 5189 6183 1 9 68 185 3
3 167 4 9 35 159 189 11 10 186 3 3 4 7530 4 9 131 146 8 18 115 5409 7 182
9701 7401 3 7470 10 2 9 9272 1 5 36 6936 7 58 72 84 8116 9560 8 38 12 5 9 25
138 1 9202 151 5887 11 10 152 7 2378 3631 151 5 105 5 5 5 8 3 170 4 105 6
4330 9 7 3 1 7 46 129 2 21 159 5 108 28 160 62 12 3 4515 4 160 7 176 103 4
180 9 8 61 6 71 4 6 172 1722 63 4 139 4720 23 1252 10 175 4 95 4 11 4 129 20
163 67 10 171 2 9 2519 176 112 112 7 165 4 80 11 161 3646 36 2 201 179 10 3
9 3 3 8 4 45 8 71 201 37 5 71 185 147 134 8691 30 6 78 7 3 1 9 4 9 158 7
7040 9 9 10 3634 4 100 28 188 1 9 0 2 42 28 5 5 7 169 17 167 20 8 2 4 2 29
114 9 125 8 8 3 79 5 12 6 2 8 76 0 2 2 3553 2 1 6 2 136 193 976 78 7 8 6634
103 8 8 189 164 169 1 0 9 5 203 7546 2887 64 3 5 22 5 10 1 3219 64 144 10 8
147 4 2 1 167 3 144 5 12 135 15 122 33 2 9 93 118 657 195 4 151 150 191 6792
170 3 6 8307 7 9 28 113 4793 62 3308 30 5 138 2 9 4 163 2 193 7 0 111 140 7
9450 5 141 10 7 4 6054 1 3 8 3 188 7 155 5 2990 2 5135 60 0 9 7 41 7 6 158
56 114 31 4 178 83 160 4 80 3 143 2 8 9 34 208 8 44 186 33 9916 90 180 6 1 9
145 4 5189 7762 73 116 9 4 2 6 143 6 7 5788 42 202 1 8 121 2982 8 44 6 119 7
135 7 7 152 3 147 521 97 100 3 93 6 83 6554 7 2 50 9 3 5601 144 128 154 36 7
0 7 176 2 8 8 61 7 10 178 10 8 10 198 3819 11 7 4 167 8 31 8 52 200 201 97 4
42 2606 69 108 44 1 696 4 6 4 85 8142 20 2549 56 8 5 50 203 2 5 7 45 3 3 180
47 142 98 9 29 9 160 95 71 7 19 2 159 145 0 8 7 2437 2 7 10 7 8773 3 129 11
10 5 168 5 196 183 9 19 49 128 6 113 162 2 164 4 21 4 16 11 116 8 1 2 148
198 9 7 6298 139 127 122 6 178 9 23 140 9488 134 5 150 4 169 4 11 6 116 62
10 7 192 10 59 8 3 6 126 2 9 50 206 195 61 4 2 124 86 5186 93 3 8 7924 9 0
83 143 1 9 176 17 3 135 176 5 5 7648 3107 195 6 194 6 8 2 64 927 6401 4 5 33
122 191 194 160 145 5 10 3 157 123 14 8 9 26 4 85 3 7 194 164 134 88 6 67
172 93 129 3 2 190 8 1 115 10 99 10 113 1892 35 70 125 3 7787 2 95 9 1713 2
7 2 30 56 61 7978 8 7 1 184 9 9169 202 8 78 10 7 36 938 2 94 106 84 174 6 7
0 77 86 132 10 126 58 159 41 19 168 5 149 152 8 15 6291 1822 0 5 8 2 0 197
11 6 3 28 198 8 6 10 171 1 2 52 10 2105 63 8 22 8 204 7 12 154 6 153 3 165 2
2 1 2 63 4 163 74 173 9 175 172 200 38 5 113 174 3 0 198 5 3 5 131 3 8 8 185
27 4 6 4 2 191 1 1809 1 142 1 100 24 145 2 118 5 191 4 142 0 154 146 201
7700 9 85 3 174 4 172 2692 9 61 79 128 11 142 7 2 1 7 102 67 5763 6273 162
143 9 198 7356 82 91 90 575 3166 18 4216 36 8 8 177 5227 94 102 5 5 8 2 8 9
9 0 35 7 103 83 5 83 6 4 173 7 209 10034 1 86 7 5 180 4 11 6 7 57 5396 5 8
10 7 2 4 11 6 144 2 100 40 8 7 2 9 2059 9 8 2 88 4744 137 6 72 4 7 12 2 64 3
8 11 9 6 5614 3 2 177 62 9609 9 4 3 6 9 9160 4 164 5021 9 33 2 6 65 77 8 3 1
70 3 5 6 8378 150 7 3 4 133 9 8 121 5 1 382 5613 143 12 67 9 20 6646 2 114
110 9 8 5833 48 9 8 7 4 10 83 2 150 4 206 8 7 0 8944 46 8 40 86 6211 1117 6
106 11 127 10 99 145 4 198 55 6638 83 5 5 6267 5 149 1 11 55 8729 5971 0 3 2
163 4 6060 5 9 155 5 3 140 29 110 134 105 44 188 1 172 9 35 5 3950 9 2534 7
3 4 8416 3 167 159 96 6 89 140 137 58 189 7881 10 2805 110 114 9124 154 1 1
5843 9 178 9 9150 9 75 9 7006 8 4 7 2 173 2245 4478 3888 194 18 2305 15 2
125 379 119 9 27 9 113 6 2 7 3540 11 1592 2 173 380 69 6 8 103 124 151 2 64
8 3 8 36 47 176 4 7 0 86 14 179 7 29 10 162 50 67 7 56 3344 111 3 0 2 179 8
7 2 4 36 765 88 12 10 146 26 2 420 7 131 8 189 9 129 5 171 103 6 6 3 194 3
6548 4 70 9077 1807 2 9 1 2 87 3 146 114 10 183 9587 20 9 32 41 28 0 5 7 8 7
5872 166 3 3 114 20 7 187 9 141 145 4890 163 27 116 167 31 6 107 7014 33
8654 72 52 112 9552 2 3 34 7 11 10 6 191 12 5 160 4 5 4 2664 83 9 142 8 7 27
71 6 7 1 206 28 63 2 84 187 75 40 49 174 10 148 118 1881 5 33 1 1 105 184 8
2 8 67 9 3 3 1 72 144 159 6 313 7 28 65 191 203 188 4261 5164 52 43 4 3 2309
122 105 96 27 200 130 8 71 3620 133 116 4 46 5 193 6 179 7927 7098 200 148 3
194 95 148 4430 3443 54 93 141 177 23 5 20 199 81 3 2 50 132 202 4 2 6 8 199
4 159 108 118 200 126 2 6394 3 2000 2 167 91 4 5 2681 7800 66 11 180 156 60
2 164 1 7 4 44 81 6 19 112 49 136 45 165 4 73 7 3 5 1 2 6 63 0 6 6368 5 4 57
4 1 966 4 8 4 4 164 2 85 5 6 164 3 2 7 82 111 190 486 71 17 11 7 137 7 5 146
124 3 1 29 178 5 3295 6 121 1 196 72 7 6483 265 6 140 144 9 4 1659 183 6427
3 9 188 139 60 10 32 2 59 111 2 4 159 156 80 2 33 10 147 3 9 8703 9 6 1 149
5 123 8 23 7 194 81 7 3 5 2 6 79 168 3 4 89 126 7 8 1 199 4 184 2 113 11 74
7 4929 4 12 195 112 0 5 2 26 2748 9 7 109 123 3076 165 10 6 114 8 5818 7 131
105 176 4137 160 9 98 128 8 178 88 10 6 1 7 8 3 36 10 3 1 8167 152 8 8 1 154
3938 4 120 61 123 162 159 10 7 6 7046 2 4 154 173 177 5 75 72 5776 1 79 42 5
70 8 173 0 4 9 188 116 105 4 9 137 6 9 146 7 88 160 42 7 2 167 3753 201 9
193 117 167 59 99 7 179 7 194 49 2 9 2 6340 2 8 21 4 5 8 6 8 121 9242 13 11
1 96 94 11 134 14 83 52 72 3192 70 7 174 3 7 6086 21 111 9 8 63 86 64 7 159
6 51 1 89 95 2 3 8600 2 8 20 5 172 174 191 5 129 2104 3842 8 109 1 5 5 10 3
15 59 1457 18 8 188 9 199 30 76 4 8 76 198 7 29 136 9 202 168 57 105 8186 5
93 132 2 58 9689 103 4 172 79 9 2 86 7 45 6533 149 65 3755 7 4 9 10 9303 7
62 4 148 6 3 5626 6914 8 126 142 55 9 10 33 11 5 4 7 5 1 1 9 199 173 5 77
132 6 4 140 6 9 5589 3 1 2 5 6 19 9 7 54 4004 7905 3 129 4166 156 162 8 149
92 7274 11 2 10 181 18 2833 8 6 4 3 6 992 53 6 7 43 154 8 997 2 3552 6 3 1
132 143 5221 0 65 0 24 1 8 10 80 7 0 127 55 8964 142 141 7 115 185 3 8077
195 14 4 9 2 175 103 8655 4 165 25 4732 7 6109 135 133 3 5875 120 137 4500
1077 3 7 9 3053 3 89 106 1 10 3 193 2 3975 6 8 7 10 141 7 41 126 8 2 9341
153 139 9496 82 58 5 23 3 14 184 3837 9 9 3149 53 38 0 162 27 2 54 112 199
198 128 5 167 8 7 92 177 5 6 10 4 4178 583 5 28 8 205 97 100 4 6195 36 116 8
7 66 5 9 9 6631 7 9 35 4 7 77 38 1 2 4 39 4176 9 39 9 96 115 131 9 0 6 1 2 2
3 2194 74 32 13 29 2 7551 142 136 112 96 171 5046 29 192 103 3 8 13 193 7 8
31 4 6 63 10 5395 151 9724 64 62 59 130 1 11 2529 4 4 114 3 2 172 7296 0
6842 6 7 99 92 170 4 180 181 11 7 202 100 86 4 189 130 6 189 38 5398 1 9 17
0 23 96 56 172 61 130 4 3957 193 154 136 167 74 121 82 120 10 9 93 7 5 8 92
3 8 199 67 6 2 183 7 114 7 195 9 142 3 90 7 2 120 10 10 11 8210 7 4 7 3685 3
5 28 9 8 4340 107 2 4 61 4988 67 4 0 102 17 154 5 17 8 46 75 182 29 1 63 87
125 6381 5 5 58 4 171 3 5 4 144 95 9 84 29 7 9 6971 91 128 149 176 120 9 0
85 3 24 1 8 157 105 9851 10 8 137 196 6 1 731 0 4 105 116 5218 67 1 99 6 165
2 1 41 8 49 1 4682 182 8 5 702 7 1 184 2001 8430 194 5 2 156 112 47 146 3
1899 3836 33 38 113 10 1 49 143 94 15 1 183 13 1490 7 8 7150 2 37 5 18 7 4
1186 84 4 1 65 1 5 4 1537 3 4 8 72 33 1 1 5 125 198 2 27 35 153 19 118 161 6
7201 3 10 5 8 9320 182 52 8 1 191 1677 114 11 9 4 6 0 3 3 197 7 13 3 8 9 37
9 102 18 174 1 35 35 5 3521 567 13 3742 173 76 93 158 3020 6571 79 129 6 208
100 190 2 8 192 200 4 2 9 118 206 364 2076 1 201 200 2560 4 6 1 5522 4782
4386 802 61 3 3986 3 134 9 202 100 39 93 18 152 1125 3449 2221 3 5 2 196 135
104 7578 39 6886 123 4 167 69 100 0 2580 6 8 3 3398 6 158 5 122 8 4821 4 77
7 1 21 50 8 102 151 100 5 2 24 6 7 1 4 9 5 955 3 49 8 5570 6442 1 9614 6 61
121 111 148 6488 23 4 7 5427 7 4 9 6194 5 3 105 70 11 3 2785 0 5 8 130 26 8
3 111 7 189 11 6 3 61 140 82 3011 9 6458 6 201 70 3 5 60 2 39 36 11 5 121 5
191 11 192 8 92 3 145 199 2 166 164 101 7 6 3004 80 1 0 91 32 7159 91 196
114 6 57 6 0 0 10 39 9 9 42 53 4268 41 3 3 152 168 29 104 79 3 9 198 153 14
92 9542 93 7 11 157 10 7 32 186 171 64 90 112 3 191 167 4 38 163 31 5 177
188 5855 6318 98 57 22 6191 5901 108 96 120 106 3321 1019 10 1 108 177 85
138 10 5 49 3 0 37 89 3 156 41 69 10 9644 181 12 46 44 8 64 0 3 44 88 30 188
103 9 90 18 6 0 10 1 35 6 86 148 169 9 5571 47 6 3145 7 3 4 3 7444 6 8152 78
1 9 110 10 160 2 8 1 201 2 9 1 50 6 4 7 78 167 6289 6 20 33 1074 8 134 15 4
119 7 141 168 131 6228 20 66 110 191 8 7 2 16 169 182 8 16 7 3 195 87 1 6 3
25 5215 4 161 40 8 8398 9 199 137 6 91 55 181 3 2 38 60 199 5 1 10 97 1 4985
5638 3 83 130 10 6096 3338 2924 50 127 155 7 172 28 167 171 179 11 179 7539
8 8855 2 7674 8 8672 6 151 2 194 6 1 9 66 11 4101 9 5 2 70 10 6 118 613 7 35
122 48 6 9 8 5 76 5 3 35 3 94 6 89 10 90 64 6833 27 219 63 7 85 9 7 9603 144
10 3 3 73 7 9 6161 92 44 1172 7868 5620 79 198 6 10 3 9 28 16 52 41 12 1
3313 2 1810 201 2 7 8 148 6 46 45 0 2 155 5 1 3 3 94 1120 5 9 135 137 5 168
106 28 151 11 1438 2079 9 3826 40 0 101 19 4 2 3 141 5309 9 65 131 3351 166
3 23 22 80 8 138 90 7 92 11 1 9 7 70 3 5 167 104 7 4 118 9 144 5 4 1324 106
1 63 154 3 10 7 5 7 123 8173 32 14 9 5 101 44 8 7 4 101 3507 46 2 14 5779 5
184 3 2 165 181 1 4 53 101 102 7005 7 108 5 10 2 182 1 3 177 1 2068 105 8
202 9 144 6 7568 3 117 3541 89 3 49 6 110 2 158 3 174 86 8995 2885 2 9 1 5 7
7142 183 2 69 9 2 83 2 8 8 173 46 121 5928 25 40 27 75 41 6 7 9 96 119 6530
7 9 9 114 6 195 3788 15 9 2 9021 9388 8444 116 187 3999 8 133 46 4 191 10
8986 9 189 3 4 3 135 8 7 7828 7 3 7 6 152 80 7908 6 153 8 206 1283 7148 163
2236 11 8134 10 147 2371 145 120 133 5 9 7 175 9705 5840 19 113 5 3 97 8 4
11 5 7640 86 15 1 7 9 5743 89 0 16 7079 2 2 8 5 137 8 100 92 142 1 7 3 4 11
189 7 8173 100 4 58 1443 1 45 122 97 81 6 3480 2 627 95 5 47 8616 948 129 6
5525 5 12 70 53 146 9 1 6 29 162 6 12 109 183 6 10 172 5 136 195 166 1 9 2
6561 4 168 9980 8 0 153 38 6 10 177 147 11 4 145 2371 1 1 200 56 3408 104
118 75 9 5466 84 181 187 51 4767 160 8 172 7 26 58 34 4 90 200 10 1 21 158
102 8 8 9816 4 31 173 95 3 2 8 119 9 8460 11 52 8 101 3560 132 7 4234 6 82 8
100 3 8 5 116 7 0 123 175 9393 7 142 2647 172 0 2 7 6 9988 2 6 171 48 149 9
59 781 5204 33 167 10 127 54 7 9284 81 3 4 87 46 2 1153 183 2 8 48 156 1179
3 9 4135 7 9 163 5 5 9255 53 71 169 6 124 11 163 6 8972 175 6 70 9 4 9 5537
179 8 4 3 2993 9 108 142 9 7 7 170 9 9539 176 5 7 2 3 5308 124 4 9 5 16 1
487 3 8 9 166 7 51 4 179 75 1 9 68 6 46 6 5 24 8 1 112 5 9 160 4 10 8 202 7
41 112 3 9 47 2852 7546 157 6 8 129 55 61 3 9180 11 0 98 97 3 86 104 39 7768
191 1 2 144 5883 193 7 106 100 7 3 7044 3 103 8 11 146 38 3384 8 9 1 28 3 4
144 185 147 9 5158 182 127 146 4 84 148 7 178 1 37 6 2 5337 102 11 170 9 6 4
7 3454 4 10 95 8 2 7 19 5 9642 42 10 144 106 3 4680 65 5 163 47 121 3 112 8
177 3 6372 0 4 5 63 9 63 8 5 3 50 172 155 195 5 39 36 6256 1 3 111 5 22 4 24
105 10 10 165 4 10 165 4 3 8 49 40 8 125 33 1 1 8 6 62 5 140 5 8 152 5 0 43
101 462 42 6 7494 100 79 47 0 1 5 78 2 56 6 81 3 78 64 4 140 67 7485 188 39
2721 4 4 203 80 60 6056 4 39 8 8 58 9 7 9 1500 8633 199 4753 1 195 141 8 132
154 2 98 12 99 129 1 17 3 123 2541 0 118 5 133 144 54 195 195 195 71 3 7 161
137 194 19 9210 8 1237 6 479 6 2584 9 136 207 7 46 126 2 5 10 4135 170 9 5
72 5 89 9 143 57 4 9 174 4 2 3322 142 115 60 7 8 191 3 8 70 5 2 2 179 5 155
9 6145 52 33 2 5 89 8 63 58 45 10 124 110 144 4 22 6097 194 6 146 3 99 9250
3 80 6 4 3 4 11 5 8 1 22 49 190 2 8105 194 5 198 178 9 3 153 9 1733 46 127 9
9 11 9 82 9 6719 1065 178 4 41 4367 7 10 9 146 171 152 2073 197 63 16 5 38
92 7 159 110 10 7 154 67 8 187 4 194 16 5 420 6 3 1 75 3 163 3 5 71 80 107 4
180 6 11 4 106 47 71 162 158 11 2 19 8244 4 21 1 16 5200 183 84 166 194 130
9 27 15 2 7 9 103 8 159 47 1 8 3 7 8 337 93 8595 20 3 82 1778 5 8495 162 5 1
1 2 173 4 5 107 230 148 6694 7 7 169 8 0 65 2 2 45 130 9472 4 189 172 6 8
178 3 7 194 197 10 4 187 7654 100 13 6 71 2945 134 189 707 10 83 171 54 179
160 7 193 3 3 9 125 167 9729 3729 177 3 3 153 565 11 8 26 87 191 7 57 4 6
138 1 2824 134 195 3 7 40 195 8 6232 95 3937 140 177 70 5498 55 8 22 10 10 6
153 109 0 11 159 6755 26 6 71 2 8 7 144 108 1 7513 149 125 156 5 1468 60 43
9 557 4 8 182 4 61 5863 85 7542 92 2 5 152 0 135 408 2073 4214 130 3 18 5 22
1938 5670 8 115 146 348 170 6 57 6 36 50 4184 8 86 60 158 3453 4 3 70 94 6
146 12 182 10 132 110 183 8 5215 34 2 5 7 9510 72 6 6 92 45 8 10 5 202 181
31 10 6 2 7 201 9 6 72 1883 635 174 11 28 17 4 4629 165 2 153 5 3 175 6 11
15 234 4 7787 49 8 5 140 2685 1 5429 184 8 8371 5 186 189 45 2 49 7 34 153 7
4 1 5351 120 2 99 202 6 83 198 1 9 19 9 9 4 192 0 111 9 8984 5 5 96 7510 172
11 21 8 5 3 127 10 5240 123 6 156 4 199 5 4 9194 4385 89 10066 10 9 7 6 89 7
58 38 8 8 121 4 2 10 147 7 8 4 203 110 5 99 8 176 6 9 76 112 99 104 1 67 193
2 11 8134 54 1 12 3253 7 1 157 115 10 10 1987 28 4 5924 1 142 6905 104 2 8
4078 8 8208 30 161 7 3 93 130 182 141 0 10 3 88 2529 197 4 1 8 158 164 11
126 2 52 144 4 340 6 8 190 5 48 4 8 2 6 2 8 171 9 8 140 7 1 1491 1 0 131
9198 8 1652 192 93 22 166 2 162 2 8032 4 78 8 5 9 2166 886 63 9 17 3 6311 5
3 16 5 209 7906 153 142 3575 3 136 7122 21 79 9 5 7863 176 60 118 8 157 90
10 146 11 7 165 203 124 117 592 4 32 20 25 48 160 147 5703 135 4 8 6 24 9 10
3 38 522 175 159 6181 74 97 78 1501 7 131 3 3 179 1 4 132 112 4 142 9 170
4843 64 4825 87 66 83 156 10 3463 33 5 9 930 7 8723 67 8 202 1 85 6036 33 3
2 88 5 41 4522 6 3 87 6 2481 10 9682 8911 4 4803 22 2 12 190 32 131 157 2
148 10 1 7 9 3 2 114 8 8 131 14 10 145 79 6 6 181 52 9 5 6 11 6641 46 149 22
11 1 9 7 7351 4 2 3 101 124 10 6 3 1 68 2 74 4 164 13 65 121 8 20 8 7 3 1 44
125 185 125 11 114 108 9 6 148 5 3 97 139 2 114 3 15 10 8 2997 6 100 5551
2391 206 197 3 62 5 1952 65 171 10 181 4 6022 7065 4 6 187 3 8 11 8390 2889
7 4 8 101 4 57 60 7737 8 24 66 9 39 10 22 67 8901 128 4 173 11 168 200 48 6
8 101 2 5 189 9 147 9 5 58 5 201 7 88 9 44 8 9027 9 9 11 10 208 5 0 110 9
5813 133 128 6 7 204 173 11 5 37 192 5713 27 22 192 10 184 87 126 114 8 8 30
4 4041 158 3 44 2 106 3 93 5108 109 100 5 2 111 9 4299 106 78 2 6 5 10 7459
42 34 191 9903 106 9 9979 180 176 2 30 168 12 8 33 106 2 98 5 5 9 195 194 92
9 164 5831 25 8116 36 7 109 180 5 202 95 18 45 3 4 916 9 180 35 8 43 9 2 3
109 73 80 194 142 5 8017 2 117 18 5 69 4 156 191 95 194 4 36 182 2 91 2 938
106 161 5 4 2 6 169 4933 4 6049 8558 4 588 1 117 3 185 6 6 6 111 4 191 27 6
2 95 6826 187 132 3 143 5 170 79 71 3685 1 87 9 5 36 1065 4 6 202 25 11 2 4
80 7 53 24 5 102 4 66 60 9251 8 115 0 52 10 96 3 4061 10 45 3 7209 9364 74 3
5 167 3 169 7 8 75 202 40 10 4035 49 102 7 107 98 189 9 8 2 64 1 12 123 2033
3 4 190 160 5111 5 6 96 8296 138 137 12 90 113 124 186 64 3 124 91 4 1 106
32 8 72 198 10 139 40 122 8511 183 88 5182 121 5 71 6308 9 65 3 7 197 194
123 63 29 16 23 8600 9 7 117 2235 2 129 36 81 129 118 397 159 114 78 1706 6
9 162 8 3 4 9 90 83 3 1 205 52 29 2 3 29 8231 66 2 9 3 4651 63 32 5 91 52
3861 3790 1118 78 5267 47 172 195 9 23 60 5 6 113 117 178 6781 1 1 4948 49
67 170 7 0 0 8 4 1 5 10 8 5 5 4495 7 7 90 180 2 50 2 83 6 166 69 5 1540 186
1 103 4 5082 5982 151 5428 16 60 3 141 185 4 5 193 6068 120 2 54 2 117 96 37
162 8 179 4 4 8 6 6 9 139 2 33 9 98 99 176 151 189 9 196 129 4218 9 4 9 13
24 164 36 1 56 10 191 2359 5 7 1723 174 3815 1086 50 23 3126 189 65 7364 8
4305 27 116 117 49 23 9 3904 13 1 9 101 48 173 8 104 1 0 6 3 141 4 6 142 7
101 197 115 9 180 33 3 192 86 116 7252 5 1 55 131 4 3 40 3 6699 39 2 120 7
107 8 10 6 125 187 17 130 2 143 6181 68 36 190 10 125 8 176 7 8 29 2 85 200
11 126 172 136 62 6910 1 6 23 7 98 183 3 8 181 86 0 120 173 76 168 184 2391
2601 10 199 7 2 84 9 3 7 0 5717 9 6 9 196 10 80 8 8 6 8167 95 4 3 7656 4069
164 4 7 2 164 9 5 188 132 138 1 2 1 8 8 7 157 114 8 7 162 8 10 1552 10 40
9069 7 173 9 175 6 186 34 4202 7 5343 7 8 6 84 4 8 6398 144 194 109 1 6 6 33
104 1654 175 143 122 64 75 55 8 10 2 8 6123 0 155 171 4 36 205 35 5724 7 3
32 105 3168 175 119 1 22 152 192 8 10 6 3 2 10 7 1 3 187 3 1520 174 1 140
183 20 5426 192 69 130 8390 6 42 7 8 38 5 6 39 180 6 9573 162 8 114 8 206 12
137 146 46 41 19 163 67 171 5 155 62 5 5 9 3538 10 42 106 145 150 19 18 7507
67 2 3 10 25 197 4832 107 5 3 4 7 8 6824 6194 3 7744 8548 4699 1493 169 2585
2 68 8 2 2 6 9 6 138 3 8 0 3 4 6 2 3 52 8 165 124 9 5987 24 9 79 159 9 10 7
7347 2 19 65 111 40 8066 0 432 190 7 5370 167 156 8 139 5 82 142 9 190 184
169 7 5 2 1206 6 8 8 45 11 8130 4 106 5 79 1 115 63 44 70 72 8692 147 4271
27 169 9 14 41 163 1 8 5982 4072 125 5 59 8870 8 3986 8 30 10 5 7275 77 8 10
1395 4 8 92 9 5 9 0 3 55 7 31 5 5 4 7917 45 6 121 72 193 12 4 5981 49 1 3 6
83 11 4 90 9 5275 157 141 3 171 4 4 91 87 5 139 2 171 1467 205 5 8 21 42 140
3 43 5419 9502 160 162 13 34 52 2 46 6154 97 2 66 5 8 178 9 1 55 4 6441 431
56 183 103 7182 4133 121 68 197 191 124 10 45 3 175 7 113 3086 6 11 3 62 100
32 9 1629 9 4 6 149 3 1 205 112 110 65 142 2 162 40 188 18 2 8 94 9846 9 12
121 6 63 5372 31 8 141 200 174 112 156 5 0 4 84 5 5 6803 193 10 88 172 183 9
133 6 7 140 8395 176 10 10 133 99 5 177 9 69 22 1 7664 6 9 181 1 27 1 192
142 2 9635 177 194 8 63 43 7 6 8 0 167 273 6 6 2 3 6664 74 33 7 9 383 7106
10 170 126 10 5034 74 9 86 1 6 2 173 9 8 52 6 167 5 9180 92 2 36 205 8 9232
11 7 9 9 1 109 4 34 9 361 5 11 60 66 73 10036 169 7 2 167 10 1 89 189 131 3
8 79 3 7 136 93 68 2 181 5 0 6 180 117 3 5 11 172 94 72 171 9262 71 5208 125
7 6 8 7 6 0 96 8 5 65 4 113 9 2 1 8565 8250 5 5 124 6 104 6 113 142 2 6 204
11 1 9 131 59 2 1863 38 4 4 20 144 6 8 0 2716 9 3 95 9 18 7 18 4724 149 34
70 2 5988 4 9971 3 3 115 26 4275 162 5 10 63 8 25 63 147 5 12 15 6 71 65 141
4 193 201 88 134 5 152 3 5896 1 3 8406 47 194 2 0 5 7 8 177 131 89 9 0 53
4797 6 81 113 5484 0 88 135 114 11 190 1548 32 3 7 8983 4 5914 145 111 6 9
76 10 136 103 1989 198 122 149 139 107 8 186 3 3 35 2 143 69 1 195 5131 175
58 31 2 4286 4068 8 201 7 8 8 6 4 9 81 52 75 120 8 43 196 5 9 0 47 8 4 9 108
3 58 2 23 124 51 85 8 10 0 4 8313 5 7768 6549 198 679 157 177 5023 14 3438
159 196 9 97 1 206 7 188 6 30 120 122 6 69 139 2 2 7474 50 6 5 1901 1 3 2
127 113 7647 8 198 8 116 128 48 0 160 2 4856 134 39 149 5 116 6 2 3 1 34
2849 5 191 6 185 4253 0 6 8 1 1 153 7 80 1 7221 7 6 3 114 3 50 4 8 9 9 6 10
11 2740 23 7940 8045 153 6510 64 4464 1 6 0 4 29 111 2 46 6920 182 8 55 4 32
47 4 6868 9 5 128 139 122 163 174 202 6 1 28 1 10 0 153 34 9 6660 7 3 9 5
165 8 3987 3 5 29 26 28 5 54 151 0 557 2 7 76 9 2926 7 131 3899 10 35 7 303
8 57 3 165 8 5459 8 5 98 9 12 4865 5 3 63 84 9 1 201 2 5 9 6 80 8 8 8 8 123
8 181 108 117 170 462 7 2 7 120 6 39 6 3 8 56 147 74 7 56 7010 76 8638 110
183 175 5 23 115 1 85 66 164 9 3 7 7 105 1 108 173 165 1 5 6 6 9 15 7 33 177
60 163 2 3 4 9 4749 97 7 3 4 1 5 2 2560 3 5 0 50 26 7733 9 16 9 7 153 4 1 0
140 9 191 5 8 134 47 2 9452 160 218 149 99 6519 1 32 52 2392 6481 21 131
3915 4557 596 4 203 89 4 180 4959 88 14 195 4 172 9 67 8 194 5688 4745 15
8339 152 10 8 6 83 1 3 0 104 165 6 9221 10 9 2 4 3 70 57 2 44 7 4 4 95 10 90
146 192 93 179 149 159 189 7 8 152 187 9 77 52 99 145 9 4568 6 6 8 7 142 174
204 149 154 194 158 1511 42 6 8 5 125 7 7 4 4014 6 18 6290 133 2902 8 177 5
19 67 90 76 41 193 8 3686 154 8 20 3 8069 2 59 10 11 150 156 2 6 3632 169 32
7 4786 1 6 27 203 90 187 47 6 4 3 5 2 8 6 8 6144 35 117 8571 0 156 8 55 62
193 2 7 2 2 9245 5 62 1 50 3 2713 4 87 3 1 7594 8 4 6968 8 2969 9 2 65 69
147 9 108 23 4 54 3 8 7919 76 6 9 133 2596 6 9 8 8 184 93 105 6 4356 3601
195 3094 192 150 43 10 14 199 1 200 110 5 48 132 113 6 143 170 5402 75 7248
9 69 148 5 8004 10 8 9 1961 4 9490 10 129 107 47 10 125 4 9 141 1705 3 25
1626 8 2 156 5 195 205 7 12 4885 31 1233 199 39 108 4 104 4 7 132 5898 91 7
21 8 9 2148 184 107 9 112 49 9 204 2 68 6 56 3 72 3 6567 107 173 7 149 6 16
4 79 13 76 13 4 9 10 7849 150 91 11 106 88 100 9 5 9829 5 4 135 4 75 1 43 65
5 191 8 6 55 109 7 3226 173 83 49 137 6944 56 45 6 3 5 7 5 79 135 5 3 8 4 3
5 10 72 4 3 6 2 4645 3182 5 2 7862 108 63 5170 1 155 10 153 151 4102 93 2
135 16 180 181 108 54 184 189 8502 5 6 1 6 1 18 8 3170 207 9 110 189 154
9232 8 113 3 73 2 2 10 8 4300 16 177 163 9 105 7 2803 49 0 68 1051 77 76 105
10 105 41 9 9 7154 42 164 182 5 0 11 7 47 131 6586 182 87 3556 6 196 6065
4606 67 67 4 119 92 95 192 125 58 2376 0 3 72 8 10 5 7 3 9882 43 2 202 2 794
9 10 68 85 4 5827 41 203 9373 91 164 110 193 3 9 191 5 11 69 0 108 4 133 5
8264 36 3 14 14 1 158 102 3218 129 10 67 15 8 9 46 3 1 16 0 5501 10 0 64 6
10 3046 82 5 5 22 182 123 37 88 21 3 2250 2 3207 6087 160 85 2 6 23 200 189
6 6 58 6623 3 7 0 119 3 6917 7 41 2837 115 188 69 144 4857 4628 34 125 49
2091 8 4 3 9 5 6 116 9308 1 6 8584 38 1 10 9 25 149 3173 7 3 6 7 5992 7 40 7
11 136 140 164 8 77 171 178 1378 2 137 128 103 6 10 3 9 189 99 8301 6 1 123
1 9850 176 7 56 87 98 5 6 155 137 4 1 90 6 8 50 2 101 188 16 140 208 376 5 6
85 7 82 104 9 85 2 2 10 4900 10 178 21 7 105 170 9 9 1938 82 12 180 54 8 66
4 201 5 2331 109 192 2 123 6 9 5 94 193 4 8 2 10 19 9 9 1 1 81 61 7 11 4 64
138 100 37 7 7 156 3 5 5 5902 98 6641 4 44 7988 3 2516 7 99 5 7 9 0 96 32
8520 182 35 2 0 39 3127 1 3634 29 169 206 136 156 130 71 6377 81 204 8 15
194 3
